   1   43.0789   92.8365   10.0 1123.0   20.0  138.2           89.5   1   1    0.0
       0.0000    0.0000     1.000     0.000     0.000
   2   39.0236   98.2388   10.0  158.4   20.0  129.1           89.5   1   1    0.0
       0.0000    0.0000     1.000     0.000     0.000
   3   38.1638  100.1037   10.0  221.5   20.0  114.1           89.5   1   1    0.0
       0.0000    0.0000     1.000     0.000     0.000
   4   37.5822  101.7157   10.0   90.2   20.0  111.4           89.5   1   1    0.0
       0.0000    0.0000     1.000     0.000     0.000
   5   37.3252  102.5156   10.0   62.5   20.0  108.1           89.5   1   1    0.0
       0.0000    0.0000     1.000     0.000     0.000
   6   37.1876  103.1475   10.0   54.3   20.0   96.9           89.5   1   1    0.0
       0.0000    0.0000     1.000     0.000     0.000
   7   37.1004  103.6754   10.0   41.7   20.0  101.7           89.5   1   1    0.0
       0.0000    0.0000     1.000     0.000     0.000
   8   36.9633  104.2732   10.0   69.2   20.0  103.7           89.5   1   1    0.0
       0.0000    0.0000     1.000     0.000     0.000
   9   36.7826  104.9105   10.0   51.8   20.0  109.2           89.5   1   1    0.0
       0.0000    0.0000     1.000     0.000     0.000
  10   36.5516  105.4380   10.0   56.5   20.0  120.0           89.5   1   1    0.0
       0.0000    0.0000     1.000     0.000     0.000
  11   36.2406  105.8435   10.0   46.1   20.0  141.3           89.5   1   1    0.0
       0.0000    0.0000     1.000     0.000     0.000
  12   35.2313  110.5739   10.0  858.2   20.0   97.2           89.5   1   1    0.0
       0.0000    0.0000     1.000     0.000     0.000
